Parameters for one-vs-all classifiers:

Classifier-0(rabbit):
  Learning Rate: 0.0100
  Lambda: 0.0001
  Weights: [ 9.06768404e-05  1.21052446e-01 -1.07770163e-01 -4.93439217e-02
 -7.02063473e-02 -3.84676944e-02 -3.70535340e-02 -1.49900291e-01
  4.07190175e-02 -1.61111434e-01 -5.08615901e-02  4.38250929e-02
 -1.01165038e-01 -1.14337517e-01  4.91457566e-02  5.45065752e-02
 -6.98401209e-02 -5.90826103e-02 -4.49623477e-02  5.87603489e-02
 -1.17265882e-01  1.63844153e-03 -4.88250294e-02  3.91832572e-02
  7.07723344e-02]

Classifier-1(yoga):
  Learning Rate: 0.1000
  Lambda: 0.0000
  Weights: [-2.08670539 -0.05614452  0.44435342 -0.22534445 -0.15056774  0.25622007
  0.15562707  0.07585319 -0.05389974 -0.16952527  0.06234478 -0.01614713
  0.00236201  0.09216226  0.18979902  0.11311594  0.05981787  0.07257969
  0.1107197   0.11395928  0.04306747 -0.00343914  0.06227986  0.06510772
  0.1629878 ]

Classifier-2(hand):
  Learning Rate: 0.0001
  Lambda: 0.0000
  Weights: [ 1.51823029e-07  7.41690718e-06  6.62710946e-07 -1.01552815e-05
  1.48605692e-05 -3.65073831e-06  3.09940896e-06 -4.68207800e-06
 -3.57416812e-06  1.47045354e-05 -4.85901412e-06 -4.40813883e-06
  4.26277189e-06 -6.72080745e-06 -2.05823169e-06 -1.04491996e-06
  3.15155527e-06 -2.74412173e-06 -4.69997935e-06 -3.37500021e-07
  1.37026757e-06 -3.20974472e-06 -5.54214235e-06 -1.85154622e-06
  1.41456220e-06]

Classifier-3(snowman):
  Learning Rate: 0.1000
  Lambda: 0.0100
  Weights: [ 0.02256703 -0.15983812 -0.22826437  0.56089405 -0.05052091 -0.23967753
 -0.15516492 -0.68339713  0.06883425 -0.06588045  0.12040719 -0.20012917
  0.15224041  0.52450188 -0.21985182 -0.08391737  0.06335005  0.16944621
  0.08271266 -0.17625411  0.17322826  0.06537924  0.33999649 -0.14788245
 -0.20332053]

Classifier-4(motorbike):
  Learning Rate: 0.1000
  Lambda: 0.0000
  Weights: [-2.10387358 -0.03615245 -0.07010268  0.21746791 -0.13386279  0.34309648
  0.01402789  0.54390563  0.0551521  -0.05370345 -0.00753359  0.14857121
 -0.126565   -0.06450137 -0.11981993 -0.08792164 -0.06834807 -0.05430061
 -0.05783485 -0.07792917 -0.08867493 -0.03562208 -0.14661901  0.05161107
 -0.13772124]

------------------------------------------------------
Test set accuracy = 0.4794
